5.508184432983398438e-01
4.809269011020660400e-01
5.252605080604553223e-01
5.290424227714538574e-01
5.585256218910217285e-01
3.865566849708557129e-01
5.508232712745666504e-01
3.717958033084869385e-01
5.488981604576110840e-01
5.946879982948303223e-01
4.724279046058654785e-01
5.078230500221252441e-01
3.854136765003204346e-01
5.284042358398437500e-01
5.618857145309448242e-01
4.533543586730957031e-01
5.137689113616943359e-01
4.429542422294616699e-01
3.270054161548614502e-01
4.791682064533233643e-01
5.817134380340576172e-01
5.671066045761108398e-01
4.648882746696472168e-01
6.699514389038085938e-01
5.228437781333923340e-01
6.114357113838195801e-01
5.609707236289978027e-01
5.246146917343139648e-01
4.987786114215850830e-01
4.561405479907989502e-01
5.504040122032165527e-01
3.822226524353027344e-01
3.973414599895477295e-01
4.276461899280548096e-01
4.857924878597259521e-01
4.494391381740570068e-01
5.566680431365966797e-01
4.349973499774932861e-01
3.726320862770080566e-01
3.416107594966888428e-01
6.178964972496032715e-01
6.090071797370910645e-01
3.048307895660400391e-01
5.293770432472229004e-01
6.562185287475585938e-01
4.554740786552429199e-01
4.967505335807800293e-01
3.314425945281982422e-01
4.816707074642181396e-01
5.313071012496948242e-01
3.950349092483520508e-01
4.625299274921417236e-01
5.385247468948364258e-01
5.529838204383850098e-01
5.012623071670532227e-01
4.687089025974273682e-01
3.272147774696350098e-01
4.893599152565002441e-01
4.785528182983398438e-01
2.607997953891754150e-01
4.050874412059783936e-01
5.955886244773864746e-01
6.315001845359802246e-01
4.790428876876831055e-01
4.082741737365722656e-01
4.561417102813720703e-01
4.531703293323516846e-01
6.006583571434020996e-01
5.562669634819030762e-01
5.127353072166442871e-01
3.851930201053619385e-01
4.882458746433258057e-01
3.770439624786376953e-01
5.314224362373352051e-01
4.460604190826416016e-01
4.937235713005065918e-01
4.764714539051055908e-01
5.420789122581481934e-01
4.884135127067565918e-01
2.915243804454803467e-01
5.199636220932006836e-01
4.984643459320068359e-01
4.749819636344909668e-01
4.634579122066497803e-01
3.063777685165405273e-01
5.768637061119079590e-01
4.675959050655364990e-01
5.263777375221252441e-01
5.758504271507263184e-01
6.317443251609802246e-01
5.548861026763916016e-01
4.095554649829864502e-01
5.221582651138305664e-01
4.274607598781585693e-01
5.489487051963806152e-01
4.124534726142883301e-01
5.370840430259704590e-01
4.865645170211791992e-01
2.578097283840179443e-01
4.360003471374511719e-01
4.469631910324096680e-01
5.960064530372619629e-01
5.707153677940368652e-01
5.081201195716857910e-01
4.359635114669799805e-01
3.545766472816467285e-01
5.028964877128601074e-01
3.084739148616790771e-01
6.016295552253723145e-01
5.504531264305114746e-01
6.198783516883850098e-01
4.947795271873474121e-01
5.778602361679077148e-01
4.535399377346038818e-01
3.729521036148071289e-01
5.683557987213134766e-01
5.832688808441162109e-01
4.156154692173004150e-01
4.251951277256011963e-01
4.451047778129577637e-01
5.409566164016723633e-01
5.364971756935119629e-01
4.015736579895019531e-01
5.863785743713378906e-01
4.003986120223999023e-01
5.179489850997924805e-01
4.544474184513092041e-01
4.680218696594238281e-01
4.324753582477569580e-01
4.675504267215728760e-01
4.338137805461883545e-01
5.473114252090454102e-01
5.121910572052001953e-01
5.034645795822143555e-01
5.678560733795166016e-01
5.771093368530273438e-01
4.637550711631774902e-01
4.675556719303131104e-01
4.779355823993682861e-01
4.656079411506652832e-01
5.939325094223022461e-01
4.382915198802947998e-01
3.981420695781707764e-01
5.496475100517272949e-01
5.482331514358520508e-01
5.471195578575134277e-01
5.248109698295593262e-01
5.759596228599548340e-01
5.124387145042419434e-01
3.456929922103881836e-01
4.113077521324157715e-01
5.182454586029052734e-01
5.744354128837585449e-01
4.745187461376190186e-01
4.736881852149963379e-01
5.104173421859741211e-01
4.702025353908538818e-01
4.496059715747833252e-01
3.807265162467956543e-01
5.508913397789001465e-01
4.343267083168029785e-01
4.676091969013214111e-01
4.538492560386657715e-01
6.161019802093505859e-01
6.511736512184143066e-01
5.508825778961181641e-01
3.757725358009338379e-01
4.763457775115966797e-01
5.354882478713989258e-01
4.546893835067749023e-01
5.303367972373962402e-01
5.063167214393615723e-01
4.851343333721160889e-01
5.611446499824523926e-01
6.059594750404357910e-01
5.376554727554321289e-01
5.932167768478393555e-01
5.141069293022155762e-01
5.652065873146057129e-01
5.356540679931640625e-01
4.100282788276672363e-01
5.085450410842895508e-01
4.204913973808288574e-01
3.692513406276702881e-01
5.136330723762512207e-01
5.889768600463867188e-01
5.148258209228515625e-01
4.350627660751342773e-01
5.872117280960083008e-01
4.416058361530303955e-01
4.723684489727020264e-01
4.669749438762664795e-01
3.513039052486419678e-01
5.031619668006896973e-01
5.705960988998413086e-01
5.218893885612487793e-01
4.935850203037261963e-01
4.892730414867401123e-01
4.986188709735870361e-01
4.819860160350799561e-01
3.586903214454650879e-01
4.912466108798980713e-01
3.457499444484710693e-01
2.727823257446289062e-01
4.412805140018463135e-01
4.553081691265106201e-01
4.326834976673126221e-01
3.610474467277526855e-01
4.638946056365966797e-01
4.923287332057952881e-01
5.396638512611389160e-01
3.394241333007812500e-01
5.575488209724426270e-01
4.728000760078430176e-01
5.429356098175048828e-01
4.258391559123992920e-01
2.998871207237243652e-01
4.696706533432006836e-01
6.101068854331970215e-01
3.421882987022399902e-01
3.458684682846069336e-01
4.341275990009307861e-01
4.774304032325744629e-01
6.161533594131469727e-01
4.899351894855499268e-01
4.907037913799285889e-01
5.945391058921813965e-01
4.975844323635101318e-01
4.269129037857055664e-01
4.710158109664916992e-01
4.672765731811523438e-01
5.161499381065368652e-01
6.010207533836364746e-01
5.364789366722106934e-01
4.693487286567687988e-01
5.458753705024719238e-01
4.300387501716613770e-01
5.616971254348754883e-01
5.162596106529235840e-01
5.551040768623352051e-01
5.701634883880615234e-01
4.829361438751220703e-01
4.202359616756439209e-01
5.155602693557739258e-01
6.184104681015014648e-01
3.614038228988647461e-01
4.860739409923553467e-01
5.045033693313598633e-01
4.136865735054016113e-01
5.535251498222351074e-01
4.586099386215209961e-01
6.005570888519287109e-01
4.426144361495971680e-01
4.763267040252685547e-01
3.112592697143554688e-01
4.979542791843414307e-01
4.743326008319854736e-01
5.513330101966857910e-01
5.709952116012573242e-01
5.020893216133117676e-01
5.606856346130371094e-01
5.771952271461486816e-01
4.714867770671844482e-01
3.968453407287597656e-01
6.793745756149291992e-01
5.874402523040771484e-01
5.711980462074279785e-01
3.457047939300537109e-01
4.260825514793395996e-01
4.924149215221405029e-01
5.129029154777526855e-01
5.387471914291381836e-01
4.535266757011413574e-01
6.268685460090637207e-01
6.123150587081909180e-01
4.904680550098419189e-01
4.906643331050872803e-01
6.025369763374328613e-01
5.121156573295593262e-01
4.827692210674285889e-01
4.954470396041870117e-01
4.892669618129730225e-01
5.509353280067443848e-01
6.025127768516540527e-01
4.236448407173156738e-01
4.263297021389007568e-01
4.882739186286926270e-01
6.979979276657104492e-01
5.172007679939270020e-01
5.183128714561462402e-01
3.403890132904052734e-01
5.097681283950805664e-01
6.256796121597290039e-01
4.677596688270568848e-01
4.341650307178497314e-01
4.848951101303100586e-01
4.962084889411926270e-01
5.495994091033935547e-01
4.773229956626892090e-01
5.034285783767700195e-01
5.712586641311645508e-01
3.475059568881988525e-01
5.007525086402893066e-01
5.478793978691101074e-01
5.034029483795166016e-01
5.837635993957519531e-01
5.080500841140747070e-01
4.461308419704437256e-01
4.647291004657745361e-01
4.373556673526763916e-01
5.063300728797912598e-01
4.828124642372131348e-01
4.930954277515411377e-01
4.965020418167114258e-01
4.034666717052459717e-01
3.531358838081359863e-01
4.608532488346099854e-01
4.681632816791534424e-01
4.110198318958282471e-01
3.454270064830780029e-01
5.823457837104797363e-01
5.556592941284179688e-01
5.107452273368835449e-01
5.387470126152038574e-01
4.440254569053649902e-01
4.993457198143005371e-01
5.310440659523010254e-01
4.619432687759399414e-01
5.662760734558105469e-01
6.000780463218688965e-01
4.501138627529144287e-01
3.988047540187835693e-01
4.410424828529357910e-01
4.993355870246887207e-01
5.827848315238952637e-01
5.038600564002990723e-01
4.018479585647583008e-01
5.553691983222961426e-01
5.363758206367492676e-01
5.434021949768066406e-01
4.729281961917877197e-01
5.275971293449401855e-01
5.006500482559204102e-01
5.252293944358825684e-01
3.964524269104003906e-01
5.295012593269348145e-01
5.254827737808227539e-01
5.788393616676330566e-01
4.923071861267089844e-01
4.659513831138610840e-01
5.702244043350219727e-01
5.136139392852783203e-01
4.596740305423736572e-01
4.693421721458435059e-01
4.223992824554443359e-01
4.619327187538146973e-01
5.450993776321411133e-01
5.849201679229736328e-01
4.298606812953948975e-01
5.984068512916564941e-01
5.467408895492553711e-01
4.853852689266204834e-01
5.510567426681518555e-01
4.662178456783294678e-01
5.114607214927673340e-01
5.691742897033691406e-01
4.962069392204284668e-01
5.045393705368041992e-01
4.881568551063537598e-01
5.418109297752380371e-01
5.668954253196716309e-01
4.433184266090393066e-01
5.677190423011779785e-01
5.812349319458007812e-01
5.251737833023071289e-01
5.268700122833251953e-01
4.938026368618011475e-01
4.398442804813385010e-01
6.292479038238525391e-01
3.922778964042663574e-01
4.665468931198120117e-01
5.488131642341613770e-01
4.815265238285064697e-01
4.984634816646575928e-01
5.976152420043945312e-01
5.637094378471374512e-01
5.129284262657165527e-01
5.775114893913269043e-01
4.171275496482849121e-01
4.395311176776885986e-01
5.324687361717224121e-01
2.821267843246459961e-01
3.753987252712249756e-01
4.504067897796630859e-01
5.524091720581054688e-01
5.106731653213500977e-01
4.603930413722991943e-01
6.163087487220764160e-01
5.359331369400024414e-01
3.380912244319915771e-01
4.767828285694122314e-01
4.147518277168273926e-01
5.197886228561401367e-01
5.926369428634643555e-01
3.710816800594329834e-01
5.460969805717468262e-01
5.506524443626403809e-01
5.636829137802124023e-01
5.322337746620178223e-01
4.298115670680999756e-01
5.127852559089660645e-01
5.169072747230529785e-01
4.866805970668792725e-01
6.350218653678894043e-01
4.694167077541351318e-01
5.571113824844360352e-01
5.148667097091674805e-01
3.676428496837615967e-01
5.384291410446166992e-01
4.695428013801574707e-01
5.772933959960937500e-01
5.137260556221008301e-01
5.327435731887817383e-01
5.819475054740905762e-01
4.037597477436065674e-01
3.637787401676177979e-01
5.795987844467163086e-01
4.704701006412506104e-01
3.679774999618530273e-01
4.399698674678802490e-01
6.257069110870361328e-01
5.143775343894958496e-01
5.395925641059875488e-01
4.803458452224731445e-01
7.064909934997558594e-01
5.012199282646179199e-01
4.682072103023529053e-01
6.432771086692810059e-01
5.019592046737670898e-01
5.771299600601196289e-01
3.429569602012634277e-01
3.826209902763366699e-01
5.242576003074645996e-01
5.976361632347106934e-01
3.788405954837799072e-01
4.002954959869384766e-01
4.130489230155944824e-01
6.307366490364074707e-01
4.877077639102935791e-01
4.591182470321655273e-01
5.357755422592163086e-01
4.667243957519531250e-01
5.520052313804626465e-01
4.951673746109008789e-01
4.936690330505371094e-01
5.171903371810913086e-01
3.442303538322448730e-01
5.241169929504394531e-01
3.923893272876739502e-01
5.355672836303710938e-01
4.355423450469970703e-01
6.590520739555358887e-01
5.018391013145446777e-01
5.783736109733581543e-01
4.599531590938568115e-01
4.314419329166412354e-01
3.963547646999359131e-01
5.902892947196960449e-01
4.619394540786743164e-01
4.366015493869781494e-01
5.654765367507934570e-01
3.778895437717437744e-01
4.145148694515228271e-01
5.707133412361145020e-01
5.034197568893432617e-01
4.427839815616607666e-01
4.473646879196166992e-01
5.408359766006469727e-01
4.811129271984100342e-01
4.896635115146636963e-01
5.831182003021240234e-01
6.278302073478698730e-01
4.742187261581420898e-01
4.780410230159759521e-01
3.851438760757446289e-01
4.225276708602905273e-01
5.801296234130859375e-01
6.231378912925720215e-01
4.720545411109924316e-01
3.940514326095581055e-01
3.004469871520996094e-01
5.014008879661560059e-01
5.856019854545593262e-01
6.517603397369384766e-01
4.694341123104095459e-01
4.714209735393524170e-01
6.018779277801513672e-01
3.585937321186065674e-01
4.236221611499786377e-01
5.135657191276550293e-01
4.180991649627685547e-01
6.054678559303283691e-01
4.974919855594635010e-01
5.820437669754028320e-01
5.226888060569763184e-01
4.952489137649536133e-01
4.653756618499755859e-01
5.523104071617126465e-01
4.485353231430053711e-01
5.678521394729614258e-01
4.970923662185668945e-01
4.430052340030670166e-01
4.339985549449920654e-01
4.184961915016174316e-01
3.824935555458068848e-01
2.282014787197113037e-01
5.033208727836608887e-01
4.547359943389892578e-01
4.302372634410858154e-01
5.745947360992431641e-01
5.123762488365173340e-01
5.398977994918823242e-01
3.822324573993682861e-01
3.815636634826660156e-01
4.115476906299591064e-01
4.907030165195465088e-01
5.314929485321044922e-01
5.758915543556213379e-01
4.322244822978973389e-01
5.242777466773986816e-01
6.315627098083496094e-01
4.795833230018615723e-01
4.007870554924011230e-01
5.121544599533081055e-01
4.347122609615325928e-01
5.008210539817810059e-01
5.361460447311401367e-01
6.735607385635375977e-01
4.669385552406311035e-01
4.378027617931365967e-01
5.323047041893005371e-01
4.003904759883880615e-01
5.662750601768493652e-01
5.105158090591430664e-01
4.389084279537200928e-01
4.937955439090728760e-01
4.491595923900604248e-01
5.634493827819824219e-01
3.775598704814910889e-01
4.157055914402008057e-01
4.794672727584838867e-01
4.090137183666229248e-01
5.165948867797851562e-01
5.576097369194030762e-01
4.184049665927886963e-01
5.477293729782104492e-01
4.903261065483093262e-01
5.337415337562561035e-01
3.755628466606140137e-01
4.372119009494781494e-01
5.077784657478332520e-01
5.810912251472473145e-01
4.212774038314819336e-01
2.630501985549926758e-01
5.508422255516052246e-01
4.704032540321350098e-01
6.281183362007141113e-01
4.456688165664672852e-01
4.968053996562957764e-01
4.065563380718231201e-01
5.123935341835021973e-01
6.948614120483398438e-01
5.358161926269531250e-01
3.688710033893585205e-01
4.907421767711639404e-01
5.788813829421997070e-01
4.587826728820800781e-01
5.042070746421813965e-01
5.018172264099121094e-01
4.518521428108215332e-01
5.233730673789978027e-01
5.337842702865600586e-01
5.344680547714233398e-01
6.609415411949157715e-01
4.536671042442321777e-01
4.732651710510253906e-01
5.345689058303833008e-01
4.742519855499267578e-01
4.332241117954254150e-01
5.969310402870178223e-01
5.503839254379272461e-01
6.414100527763366699e-01
4.381724596023559570e-01
4.454332888126373291e-01
4.337567090988159180e-01
5.128276944160461426e-01
4.643408060073852539e-01
6.477764844894409180e-01
5.822755098342895508e-01
5.080773830413818359e-01
4.630720615386962891e-01
6.089259386062622070e-01
5.203889608383178711e-01
4.357849061489105225e-01
5.632029771804809570e-01
6.090716123580932617e-01
4.490469992160797119e-01
5.512473583221435547e-01
6.140442490577697754e-01
6.269263625144958496e-01
3.977687358856201172e-01
4.180319905281066895e-01
4.129551351070404053e-01
4.845304489135742188e-01
4.350793659687042236e-01
5.152225494384765625e-01
5.389423370361328125e-01
5.271799564361572266e-01
2.335982620716094971e-01
4.865629076957702637e-01
2.869653105735778809e-01
2.505838871002197266e-01
4.520153105258941650e-01
5.368168950080871582e-01
5.521889925003051758e-01
6.150467991828918457e-01
4.345889985561370850e-01
4.247570037841796875e-01
3.551443517208099365e-01
5.176448822021484375e-01
5.298073887825012207e-01
5.242933630943298340e-01
5.209467411041259766e-01
4.578186869621276855e-01
4.877063930034637451e-01
5.030316710472106934e-01
5.148011445999145508e-01
4.471716582775115967e-01
3.694200515747070312e-01
4.745409488677978516e-01
4.900569319725036621e-01
5.929033160209655762e-01
6.105850338935852051e-01
5.470475554466247559e-01
4.934790134429931641e-01
6.063029170036315918e-01
5.743410587310791016e-01
4.435493946075439453e-01
5.567424297332763672e-01
5.110118389129638672e-01
4.571141302585601807e-01
4.277312457561492920e-01
5.337200164794921875e-01
5.449175238609313965e-01
4.278067350387573242e-01
3.406116366386413574e-01
3.830175399780273438e-01
4.327958524227142334e-01
4.886626005172729492e-01
3.528098464012145996e-01
5.723748207092285156e-01
4.653337001800537109e-01
4.587853848934173584e-01
5.633733868598937988e-01
4.948068261146545410e-01
4.846177697181701660e-01
5.667874813079833984e-01
4.693986773490905762e-01
4.643778204917907715e-01
4.166806042194366455e-01
5.006323456764221191e-01
6.293967366218566895e-01
5.026770234107971191e-01
4.707073569297790527e-01
5.988214612007141113e-01
4.892188608646392822e-01
5.190281867980957031e-01
4.650482535362243652e-01
4.195573329925537109e-01
4.358021914958953857e-01
5.107516646385192871e-01
5.370678901672363281e-01
4.394257962703704834e-01
4.679389595985412598e-01
5.679967403411865234e-01
4.636285006999969482e-01
5.402086973190307617e-01
5.216861963272094727e-01
4.829722344875335693e-01
5.402388572692871094e-01
5.235639214515686035e-01
5.456933975219726562e-01
5.308011174201965332e-01
4.724549055099487305e-01
5.626560449600219727e-01
3.643718659877777100e-01
5.917105674743652344e-01
4.656280279159545898e-01
5.387910604476928711e-01
4.539071917533874512e-01
5.530752539634704590e-01
4.636127650737762451e-01
4.048343598842620850e-01
4.299624562263488770e-01
5.632131695747375488e-01
5.570510029792785645e-01
5.376581549644470215e-01
3.974829018115997314e-01
4.519852101802825928e-01
5.543079972267150879e-01
5.894955396652221680e-01
4.858286678791046143e-01
3.775317668914794922e-01
5.261182188987731934e-01
6.165992021560668945e-01
5.354689359664916992e-01
4.234082698822021484e-01
3.832818269729614258e-01
4.471341371536254883e-01
4.837749600410461426e-01
5.050626397132873535e-01
5.070021152496337891e-01
4.499434828758239746e-01
5.937130451202392578e-01
5.437115430831909180e-01
5.216263532638549805e-01
4.285250008106231689e-01
5.424538254737854004e-01
4.204150438308715820e-01
3.707802891731262207e-01
5.032315850257873535e-01
4.549822807312011719e-01
4.842930436134338379e-01
4.508329331874847412e-01
4.295877516269683838e-01
3.931069970130920410e-01
4.410033822059631348e-01
5.557659864425659180e-01
4.098230898380279541e-01
4.182172715663909912e-01
5.318694114685058594e-01
5.417914986610412598e-01
4.209237694740295410e-01
5.100715756416320801e-01
3.751884400844573975e-01
5.793531537055969238e-01
2.661678493022918701e-01
5.214758515357971191e-01
5.998874306678771973e-01
6.875542998313903809e-01
5.588065385818481445e-01
5.486956238746643066e-01
4.958837926387786865e-01
4.162048995494842529e-01
5.654585361480712891e-01
4.216700494289398193e-01
5.065701603889465332e-01
4.757131934165954590e-01
5.688263177871704102e-01
5.811764597892761230e-01
3.062410652637481689e-01
5.449832081794738770e-01
5.704541802406311035e-01
3.348291814327239990e-01
4.294472336769104004e-01
3.299133479595184326e-01
6.466352939605712891e-01
4.778628647327423096e-01
5.871421694755554199e-01
5.543740987777709961e-01
3.609991967678070068e-01
4.257392883300781250e-01
4.836971163749694824e-01
4.168050289154052734e-01
3.942524790763854980e-01
5.654707551002502441e-01
4.728090465068817139e-01
5.505580306053161621e-01
6.297397613525390625e-01
5.054318904876708984e-01
5.862032771110534668e-01
6.454705595970153809e-01
5.613644123077392578e-01
4.724596440792083740e-01
4.970239102840423584e-01
5.426433086395263672e-01
5.124616622924804688e-01
5.209345817565917969e-01
5.285004973411560059e-01
5.712806582450866699e-01
5.751132965087890625e-01
5.875272750854492188e-01
4.239754676818847656e-01
4.715638756752014160e-01
4.930669367313385010e-01
3.352805078029632568e-01
5.506472587585449219e-01
4.642045199871063232e-01
4.322701394557952881e-01
4.140382409095764160e-01
4.129124879837036133e-01
4.076578617095947266e-01
4.101426601409912109e-01
4.785902202129364014e-01
4.452628791332244873e-01
5.622582435607910156e-01
5.301704406738281250e-01
5.339313745498657227e-01
2.917112410068511963e-01
2.891024053096771240e-01
5.187305212020874023e-01
4.778707921504974365e-01
4.866876304149627686e-01
3.196536302566528320e-01
5.606055855751037598e-01
5.860719680786132812e-01
5.491182208061218262e-01
5.687637925148010254e-01
5.248174071311950684e-01
5.441314578056335449e-01
4.822998046875000000e-01
4.594098627567291260e-01
3.768730759620666504e-01
5.208403468132019043e-01
5.233849287033081055e-01
4.448772966861724854e-01
4.165599048137664795e-01
4.514451324939727783e-01
6.229828596115112305e-01
3.418167829513549805e-01
5.550675988197326660e-01
5.367004871368408203e-01
3.932705521583557129e-01
6.176719665527343750e-01
5.402574539184570312e-01
3.732227683067321777e-01
5.469642281532287598e-01
3.829689025878906250e-01
4.085860252380371094e-01
4.970048069953918457e-01
5.071263909339904785e-01
3.512736856937408447e-01
4.895009696483612061e-01
4.849175512790679932e-01
5.181169509887695312e-01
5.724960565567016602e-01
5.629695057868957520e-01
5.018193721771240234e-01
5.459312200546264648e-01
4.432973861694335938e-01
4.052029848098754883e-01
5.759122371673583984e-01
5.052845478057861328e-01
4.235288500785827637e-01
5.024222135543823242e-01
6.278523206710815430e-01
4.330260753631591797e-01
4.532285928726196289e-01
4.518525004386901855e-01
5.548707246780395508e-01
5.061407685279846191e-01
4.647631943225860596e-01
4.849205315113067627e-01
3.994117677211761475e-01
5.555004477500915527e-01
5.089756846427917480e-01
6.060554981231689453e-01
5.807003378868103027e-01
5.321437716484069824e-01
5.742090344429016113e-01
4.694281220436096191e-01
5.036087632179260254e-01
5.106113553047180176e-01
5.513800382614135742e-01
4.908280968666076660e-01
5.664682984352111816e-01
5.607662200927734375e-01
4.607509374618530273e-01
5.201205611228942871e-01
4.224244356155395508e-01
4.643094539642333984e-01
5.250605940818786621e-01
3.747199773788452148e-01
3.989372551441192627e-01
4.362121820449829102e-01
4.136296808719635010e-01
5.109363794326782227e-01
5.311232209205627441e-01
3.903623521327972412e-01
3.783688545227050781e-01
4.757852554321289062e-01
3.937231302261352539e-01
5.614247322082519531e-01
4.489310085773468018e-01
5.198271274566650391e-01
3.663593232631683350e-01
5.143771171569824219e-01
4.290252625942230225e-01
4.335825741291046143e-01
4.855135977268218994e-01
3.503466844558715820e-01
4.492724835872650146e-01
5.926623344421386719e-01
3.571103811264038086e-01
5.153549313545227051e-01
5.676128864288330078e-01
3.791325688362121582e-01
4.464917182922363281e-01
5.066149234771728516e-01
5.851519703865051270e-01
4.564298093318939209e-01
3.239297866821289062e-01
5.667440891265869141e-01
5.454545617103576660e-01
4.356288909912109375e-01
4.778807461261749268e-01
5.505669116973876953e-01
4.413715004920959473e-01
4.979670643806457520e-01
4.237711727619171143e-01
5.548358559608459473e-01
5.538444519042968750e-01
5.989497900009155273e-01
5.359727740287780762e-01
4.205734431743621826e-01
4.603400230407714844e-01
4.529281854629516602e-01
6.095371842384338379e-01
3.646201193332672119e-01
5.693304538726806641e-01
5.077436566352844238e-01
4.286862909793853760e-01
5.257366299629211426e-01
3.476266264915466309e-01
4.863052964210510254e-01
4.153268337249755859e-01
5.592582225799560547e-01
5.449890494346618652e-01
5.349504351615905762e-01
4.244975745677947998e-01
5.250797271728515625e-01
3.826251924037933350e-01
5.441037416458129883e-01
4.377439916133880615e-01
5.862199664115905762e-01
4.459365308284759521e-01
5.655378699302673340e-01
4.838100373744964600e-01
5.540710091590881348e-01
4.199669957160949707e-01
4.915808439254760742e-01
3.773032128810882568e-01
3.570068776607513428e-01
5.798792839050292969e-01
4.584777951240539551e-01
4.424324035644531250e-01
5.732211470603942871e-01
4.806714355945587158e-01
5.810864567756652832e-01
5.255488753318786621e-01
5.568906664848327637e-01
5.327543616294860840e-01
3.987808823585510254e-01
4.555967450141906738e-01
4.103155136108398438e-01
5.886728763580322266e-01
4.493850767612457275e-01
5.411167144775390625e-01
5.400047302246093750e-01
4.812821447849273682e-01
5.322220325469970703e-01
3.973401188850402832e-01
5.675905346870422363e-01
4.808727800846099854e-01
3.941729664802551270e-01
5.086863636970520020e-01
4.450681209564208984e-01
5.184038877487182617e-01
3.059899806976318359e-01
4.471099972724914551e-01
4.397244453430175781e-01
4.535831809043884277e-01
4.685834050178527832e-01
5.364263653755187988e-01
5.133256912231445312e-01
5.265363454818725586e-01
3.215107321739196777e-01
4.361254870891571045e-01
3.849380314350128174e-01
5.374699831008911133e-01
4.286630451679229736e-01
6.246737837791442871e-01
5.035954117774963379e-01
3.592263162136077881e-01
5.136272907257080078e-01
4.449234604835510254e-01
4.282093942165374756e-01
5.691685676574707031e-01
4.019159674644470215e-01
5.304712057113647461e-01
